1
13
16
18
23
25
32
59
64
67
74
80
91
92
97
100
105
109
110
120
127
129
133
135
138
143
146
152
155
156
172
175
184
186
189
194
204
208
209
219
222
233
237
241
249
251
256
273
278
281
282
286
289
307
314
319
321
326
328
331
340
357
360
361
368
394
398
400
401
405
407
417
422
423
425
434
440
441
446
454
459
461
463
475
485
494
496
501
519
530
547
549
552
553
563
565
572
576
577
578
580
589
595
600
602
605
615
617
618
626
627
640
656
661
665
673
697
711
720
727
730
745
747
754
773
774
775
777
782
786
788
790
791
811
820
825
828
838
846
847
849
854
860
861
869
873
878
895
899
907
914
916
935
938
941
942
944
948
949
965
969
975
978
995
1000
1001
1002
1024
1026
1029
1048
1058
1068
1076
1083
1086
1104
1110
1120
1126
1144
1146
1150
1155
1157
1187
1188
1191
1193
1195
1196
1197
1203
1207
1214
1220
1222
1227
1242
1246
1248
1255
1256
1262
1265
1268
1274
1276
1279
1283
1291
1292
1302
1311
1315
1317
1318
1322
1329
1331
1344
1345
1361
1363
1366
1386
1387
1395
1396
1398
1401
1407
1415
1416
1419
1426
1428
1430
1437
1455
1456
1461
1467
1470
1472
1473
1479
1482
1487
1489
1490
1491
1495
1499
1510
1515
1517
1520
1524
1529
1537
1543
1545
1546
1549
1550
1566
1571
1580
1586
1587
1592
1597
1599