3870881228
3438046910
3072139780
3593596871
3775549669
2367779325
2466770546
2342846271
3107084242
4080151066
145904277
2910154922
3731698679
1341480273
2910230654
2241406788
4242347342
3323547812
3827567687
2655372112
1780657012
1962358709
3519092224
3997619482
1387701297
714801553
2582857000
3239045644
2640130073
2394654674
3807168537
1777452503
4164700206
3548416904
611487489
2092994027
197278497
3632841992
462573354
3413377636
2654082429
1809509020
875169235
3240019784
2769752133
3644461594
3823549884
4281169408
3051083395
4051595651
2908108861
840632717
727018823
2296220258
2876373457
1889279281
1801633975
678241852
4228904097
603689043
4276060398
2086528829
805882891
1549056702
299966064
4245602968
3795583753
3943329861
3153355654
1520644455
1274987662
2659127982
2111417397
1229702013
2600035825
224063228
3900316377
4048041249
3793435071
1449996390
1976142534
2366255121
4172604282
4186570307
2847988104
882449039
2166992143
490313293
3999453735
3911285753
2498756365
2564523892
3235764212
3095472836
3370908290
4129565210
1279955424
2008061389
2957207277
3461184303
800345132
233246913
1406021272
3528286177
2910498568
1073548271
1119127399
1719315401
2627974807
2590925381
2399127354
1053419518
1004119411
3933833022
2645345636
1136871996
3641789177
2048121458
692210752
1348459600
1994019580
2889577440
3571740401
874534625
4427581
2103198518
3669990916
31402424
65234985
896483718
883667415
2100761273
3519269702
1982860528
2710587541
3048476433
3340191139
1195499369
178804768
2310267066
2863546729
826067714
177824712
3549271432
2661120063
3569391059
1344811900
3713776329
839817552
1324995328
3965180263
4155343476
4178480098
1241395186
4129244058
3108910498
2893544267
367171278
1236682141
2157201838
3511493416
2250410754
3343436071
3790565781
2772883492
527779758
2435798146
1903616673
894474844
2741266111
3125848253
894781400
2276518629
572980502
2926164190
587162431
2972998030
135691711
2616671141
3802473088
561390663
2404366781
1223453328
323462238
1756617007
362789207
2770274222
2627981433
3841468320
318137549
2800183881
1325693791
3704727979
1913215129
1526439659
2514811889
3513859773
3408045592
2693410004
3058013995
3748595034
1220825399
615770675
1305834289
2532315118
2062534683
3447871198
1546294647
2400356230
3261283025
1077440991
2787789363
1571130628
1607083775
805675581
3117447607
2217785158
3173128459
1510530800
856816939
2521579930
426385339
2700479922
3979742509
2876267381
2202911776
3083597770
3433416133
3636549388
3519871700
4258097667
494736397
3228858188
1368568729
1578754219
3706500416
16682158
1426080491
283207275
312476953
1823176405
1515137765
127220171
2201342864
3963457229
4198168716
3611790174
4075139048
1189670266
1558688962
3195783194
3978282250
266020560
239551329
157984058
1297744563
285693500
3060454474
46366274
4139791459
2984131138
1697324852
2613014895
4067204501
3877744786
2422834648
216115643
2523361404
2946821800
1649896188
1520896982
224949872
3236048615
933453597