2984131138
3236048615
2590925381
3795583753
312476953
2100761273
1889279281
1578754219
3549271432
323462238
3775549669
3641789177
1976142534
2092994027
572980502
2008061389
2910498568
3235764212
2926164190
4427581
283207275
3593596871
318137549
2404366781
4080151066
197278497
135691711
2957207277
3997619482
1053419518
2048121458
4048041249
3519871700
1325693791
2523361404
3511493416
1220825399
1520644455
3731698679
2367779325
3548416904
216115643
2910154922
4258097667
3669990916
2876373457
1073548271
3823549884
1549056702
678241852
3173128459
1305834289
896483718
2655372112
3704727979
1279955424
3060454474
2910230654
1223453328
714801553
3807168537
2466770546
3239045644
3841468320
4178480098
875169235
3072139780
1801633975
894474844
1236682141
1982860528
2399127354
2582857000
840632717
2800183881
3748595034
1387701297
1368568729
2310267066
2111417397
3965180263
3911285753
1809509020
1697324852
426385339
3125848253
933453597
3051083395
4067204501
1406021272
3107084242
2769752133
3528286177
4242347342
3461184303
4139791459
2498756365
856816939
2616671141
615770675
4186570307
2908108861
3058013995
2400356230
3095472836
2847988104
224949872
2202911776
1780657012
3323547812
1913215129
2741266111
178804768
2661120063
1962358709
3228858188
2710587541
2863546729
2889577440
4051595651
2103198518
603689043
1229702013
874534625
3519092224
3413377636
587162431
3438046910
1189670266
3636549388
3519269702
1449996390
2435798146
266020560
2645345636
3790565781
239551329
3943329861
1558688962
2276518629
145904277
2772883492
362789207
3153355654
4172604282
2787789363
3083597770
3979742509
2532315118
894781400
233246913
2062534683
2342846271
1077440991
561390663
3408045592
2201342864
1297744563
3802473088
1994019580
805675581
3632841992
2241406788
3571740401
1526439659
1426080491
527779758
1241395186
3713776329
494736397
2876267381
1348459600
2640130073
3877744786
46366274
3433416133
1515137765
2217785158
3611790174
1004119411
1571130628
1607083775
2296220258
127220171
4164700206
1324995328
839817552
4281169408
3447871198
2600035825
3963457229
3343436071
3870881228
2627981433
3978282250
2654082429
1274987662
3370908290
299966064
1719315401
800345132
1756617007
1510530800
1903616673
883667415
3706500416
1119127399
826067714
3793435071
3195783194
367171278
3108910498
2366255121
3644461594
3261283025
1136871996
1341480273
3999453735
2659127982
4276060398
3933833022
1520896982
2157201838
462573354
224063228
2564523892
2693410004
177824712
1195499369
1777452503
4129244058
2250410754
4228904097
65234985
692210752
2972998030
3569391059
2893544267
490313293
2627974807
16682158
2514811889
3827567687
2166992143
2086528829
727018823
2700479922
2613014895
1854997174
1393325641
1334679970
3814289784
4005951506
2354774337
1073052716
3137741670
2162940655
2720646142
1844503623
3781423612
2554840464
2778266107
2228908685
605859263
310730169
235929711
3109980738
2191234715
3483090221
2043551915
4005065169
2563628518
1375494172
824440865
2582696163
546263226
4201482768
3957637720
2038425552
1408220793
269561677
3056361425
463263202
1832083373
3094000826
2350892739
2612671723
4056867541
2468575766
948449495
660793474
2892684200
1345538087
1550671379
1787293998
2434978427
1706692340
1502803954
1640603549
758559205
2412863786
310102766
3281054912
3898977357
2777819467
4261381787
2935425098
3368451247
380063297
2349588046
3563907808
466620054
1252744501
1226685545
3140650324
1303660512
3284620886
935638211
3453754464
2950671230
1541349955
2855440164
613086761
1042069824
3324545732
2429084933
1146752331
2971656142
3555875778
1231300510
1391124198
4090570261
576655783
506187764
669931384
2434577021
3903756696
3459588815
2538001017
1015948497
1476616410
1751583208
82511015
3101622627
2161248459
4019958911
2052958499
506603564
1565054213
9270944
264831303
1372855654
3210220676
2823626702
870267185
4129375189
45688260
2817893987
2880110921
2170110239
1945164406
3946847043
3868886298
2879652756
2309427230
2434099279
1595242298
4113111610
1021139590
150954590
1047922162
3840188715
3493178790
1889600258
3324504969
1690813807
2722039565
2763961678
1315827207
1245388964
1720711017
260901612
3006343401
3428201005
3098714219
74457818
115265961
813188278
1327233152
3855352847
44860368
2125415025
2185450534
1871934021
2076546213
3820442545
4000298987
1008403675
120770426
1823156679
2655554047
4083069333
4148750582
266773025
261821160
1945784958
1133568910
456402697
710836128
622964481
3914666511
631863471
1311857232
3913114121
3168486691
296675096
1496606175
1342880925
706253060
736751517
1017210742
3262934818
3605016251
2655440139
2987306053
2304021224
4023677145
1117125609
89590983
2862557299
3318167770
474364027
2638544374
1493214007
2173201384
103127528
3073088725
699671369
489920736
288934131
1990932538
805376689
2962444545
2067017764
267523188
3114544002
1415796597
2360276945
4204281590
1104916896
881252567
2205737010
2721690826
3089815164
1511137733
3473766381
1884577192
4069395080
3079203099
2655294697
1140507557
523539363
382391218
79676153
1058297266
3674678175
2282628032
1298366390
3113971946
3707592455
1029487886
2172102807
1641084871
2036475219
462227268
2076432272
3640362627
2008060016
270507755
862831523
1825300536
2153765474
3658245854
3736978633
164729366
2889919449
1721936214
441154896
1787785595
4066339717
2690546900
2260707200
295361139
947974791
3864941797
3765956723
3905061685
550934919
2765080047
2310436864
2538797465
3846164896
4059327561
1642519583
1783122941
3547791511
242347055
308147112
3882347905
2910801490
474920747
3513348689
1848734894
4168827572
2224781726
2642622189
2306645741
3188516657
755991887
3253153945
1618052775
1596283558
1455319941
674683574
2910248544
2259999441
818861000
194803840
1108659157
3019114337
3819414242
3674977298
2180869223
1054180438
2009860877
1298346771
1851342935
4271876722
1874827320
4093413566
3110732428
1022779388
4061046301
3184692183
1316055871
4110337227
3850245176
515674005
2271552174
1663142996
3269238440
2173662386
660663669
2497221684
868955970
261624760
1139703335
995585641
4015587779
163591858
39860048
2802465075
771477272
3229898121
4069440084
2622287744
2265636520
2206673310
216918167
539398076
2047489247
1101419059
4271176735
4145378256
4024656509
915412318
2783401922
2296886646
2808197669
424424517
1319064116
1583939277
3127789719
3043318883
2080679075
4214848305
1786538084
3634365554
2804110755
3813167970
690443377
2858967719
77889684
2466461578
515921606
2908517486
2726661436
3951604088
1460534680
218426371
3837824814
612043619
1038495502
2096265248
792513079
1345008722
1160793130
2559300189
2456867657
1697268217
385847507
2367706490
71074452
3235944239
3441652078
881878690
1936799291
653419425
279217095
3578429916
1222188214
2668937930
3590526209
2119865833
1625147302
3569016409
1703740326
1637005401
949943615
1159511878
3341258969
3471985779
3365357252
4162375035
1595787223
1828298637
1875457798
4170777089
2616360748
1071542845
227937468
1087339261
1829078626
2867455027
3605918293
3845610014
2971228560
2767695298
2093078905
2518563805
1816433071
1747669558
4154973820
2999912537
1695021988
1095381750
1971359867
3858761342
739333206
635160853
1325082002
3681518784
3395461280
2840049398
3032338138
656220122
917304244
369824148
496402516
477404242
3737001068
305848048
1511830300
970187083
1497972791
4045334830
1336719941
504611967
209573639
3189603579
1747387758
1311522204
1824016712
2578924210
3853570187
3492364818
931225638
3671894426
1002557323
3398862188
2977269478
4093815087
208971989
365083904
1384464171
3843759425
2190430434
2449174900
2273241874
4190903343
2210943619
1190312331
701760744
2561164912
638417110
2169590083
4046844112
153179524
3500854400
387889102
2625805989
271278254
3274341630
1673200578
4157438739
329437179
576432556
237600186
4049408970
626075213
241619448
407845299
4066786403
4015512095
3101494045
2395183021
466769547
3402265822
3046629943
2857172069
147091873
1577431057
4242111602
1387478214
2230822860
2050244961
1896859622
1595626238
3846537309
4173217190
1776716876
3738603537
4030025215
813971278
250157155
2837088266
3456604528
3048759171
3262747200
2550688719
1672799335
1316716817
2374980838
3858710802
3316463551
1237389257
208738026
4110508237
1797902730
127713934
1515867639
1872524863
2645223606
3908888796
470736720
974354801
142069957
1547430094
2949473431
2837788302
2332739803
2557367171
2226979991
4256749833
2945471138
1788804239
3277486481
3131204259
2179232859
3254271612
1990643711
1651721015
4125512472
2099167987
3247238137
797741915
1420582301
3221611233
1499651014
1941173494
2162898383
2135562985
257974435
224510267
3445246543
3393384340
3601860624
3776322546
1271565582
238204757
4286469045
55246266
2343437166
117540619
3675381745
3578489731
1438539522
1215339391
4142850294
2125389517
509599430
483758755
3823554365
2338032472
2543080490
1040669922
2445644567
2258533487
187639320
3933994
3531372214
1379674979
468132450
840582551
4278238494
3904640196
478676196
2737702865
865980434
1964758351
2397451537
3994898663
3574802422
2637405321
1109400995
552206698
3206834517
3694308232
2585844245
648272985
1919385069
971755825
4031248062
1803138100
647955583
2845708084
1145493952
3505588345
2793659371
548638471
2348850853
1676403318
3597818809
261431194
1951259342
1484850554
751508798
254689769
2866508438
1577360476
3290561265
3742582984
1480843459
1394898960
52998765
110840806
78760181
1390977201
574441688
3697881450
2043910515
2109479669
42391007
1154547172
1568766251
1453724610
880544301
117308061
2336419810
1890372798
2538434731
900065271
2411827017
3660318179
3674182089
3114900780
634559183
3230100445
3804427503
708442543
3419085163
167175322
1056669792
3664450584
4232683803
2259727674
165767865
3934629132
1405999303
347584026
3629618745
3514181258
960490492
2572945467
2916429772
567390045
76976362
3118540445
337534171
356287582
2987355428
364573492
1422346759
237684399
2330382556
1462330810
1302392524
488813092
369564857
2629997244
4196273708
2720941598
2372243544
379900661
1674930214
1702188582
684223895
3935041524
3254206238
13626023
1651800168
3109081567
867797234
3098986489
2034046339
3908240407
648323857
653578704
2676673212
2124013626
3834908386
1886452587
1498524216
2815487759
94576356
2614440410
2908751214
4168174623
3042837851
12890513
334620600
369371938
1086826513
3941560521
1006422925
1064901336
3378486321
2272411092
337707168
1388339816
2321009644
1020356018
2098964869
2209928422
1830362894
3012680807
170603013
2469863385
1235521733
2827400152
3371859188
1509418394
2751811879
3708255343
2520492219
4098309000
205600280
3910322999
1956126151
3971749585
1624286105
1206132639
702078794
929068890
2735175758
1418618102
3081204307
3782006529
2045339195
3343812022
1590931857
1062895685
3325250902
3977236318
1983836583
1269914102
4056965726
1186846330
4034866434
1982146845
2920874132
1600252537
1568370312
3914766442
2135515693
2698816549
2075390878
3954235935
2551820930
281514292
2681067179
4274539658
155898608
439336489
1741737892
980704483
2563759460
272821697
2720933697
905353001
3771608238
1882223018
1334888028
2824519014
3109837427
732771928
1108962932
2309768097
2912812239
3680641801
2124331050
235464121
2572783669
3621050006
2086068019
1335577411
2244807541
3384175666
2317898987
4183286135
88138733
1150203641
2142386529
326539858
1939565201
2528545391
3242584396
3934316500
3643460953
3516741673
1078176518
3479194925
600001087
3441199754
2360922153
393988638
3791124926
2839203677
1398108738
2530736491
1997355029
3091242297
1800577087
829842456
965984296
3456517864
8546228
901629462
3884567803
216600437
1896228889
3313143290
1013845315
3599900763
936319435
3792424372
4279513055
3270250789
1062483663
616460408
1061884095
470028603
3730864764
1874582543
754254606
3832672449
2246568585
2249628045
2307623047
3741946315
3906896283
1957525773
1564604415
134601408
668424284
3482411285
2724415294
3513401381
2434252229
3038836238
4173100897
3904494963
2380359997
1541760105
853876661
854690731
3426801465
1419365776
3617347629
2275911714
3123673507
1270444666
430028562
220671025
1026680048
2050468365
4035634239
908595532
2245447141
494926273
1293553133
4037900429
2740588002
688889205
731736829
2621603292
1843246544
2867295457
1261383513
1276921924
146600847
88282046
3088357790
3865051024
572804971
3672182281
4050446203
3264205943
4035589946
2472548526
2360977008
2952814630
3278558685
3884283812
2247216750
551548299
3057605117
4209018668
182128570
1081872994
1886820351
3764506951
3067946868
1164796073
2189496553
1215058764
559815083
2250595325
567556202
1724943442
1790062432
3973578093
491854127
742862380
4088818612
3955675051
2813667591
2109231685
3482496385
4262301545
3367904032
2796604949
2528872468
4165395365
2944910000
3029751311
4109545938
2420155454
4178347274
347140126
1787786909
2766262453
2882009100
133623621
2840182515
2656568595
1122513833
418812633
3213975869
1930374378
1084751859
3449790119
2879212041
4104274225
3220564611
2909062773
3864642600
1329447098
3514211535
1214195686
2478511625
1483508004
3707749389
56745965
70769037
1941343940
1231969565
2048040150
3772647820
3038995332
123315809
933045935
412942915
3217583805
157873563
2543059030
905771103
3699020604
1150949796
2572764512
1624690311
3809786562
4264217378
2473674495
2009213244
3814802164
3038746324
3720787924
3723462950
2431337515
3906742740
844801331
3754496430
2352308515
1245248894
1873794196
1467858661
1530182226
4042533818
848889626
2160796587
3182942716
1516616282
1735782374
1491724237
4182015239
3000173819
2396206157
2160686974
3100837325
2485274722
1456685163
89138625
2476751577
3025092178
789002103
3978093110
1203612610
2968466895
2853258603
677638683
3215954347
934754653
4177262444
3422017182
1991584288
1350180212
2082713973
254394913
2623642341
2210284419
2991265667
2914106227
2482053957
143920326
1246011686
1394429330
358136764
2714547150
459816937
1464423315
563158654
2239076573
2636231947
3608274301
3670798951
3097755849
754685993
1504946181
3117562781
3848053444
680641043
1280137874
1004492754
3149976956
2295994857
2450462835
867123559
3054207275
1909832627
3744154572
2912916464
839854552
4240600422
2729904734
890737599
3874283977
2550484654
3481055080
2464355947
1908796935
2363983649
303995842
3284057061
2136157514
3173222557
2034507060
393352671
3880855841
2893459906
1828364700
2845617356
1848683296
2220261333
2608603882
2752683336
2207741345
1011818791
3124416164
1181874437
2181727207
3109515711
1796656156
2492374507
2082078282
3719791142
555367849
2202276078
2893934378
492287929
155630439
3220614002
862234372
3286359561
895006728
804406951
3254196331
3159094381
3515585680
282808971
2488537371
1605393622
2490624453
2052521964
3285715851
2162873050
2334472069
2936851559
3121312104
2233204308
2653377904
637756224
3450093282
1472401406
640941547
3326310270
3312607745
3914312217
2231670871
4006151689
244746479
1919129218
4203654611
2590671436
524577647
25537950
2154601142
3063092389
2249930255
3946013520
21706632
2360839488
1134537307
1394485306
1907001975
2725785467
1046832721
3509185871
1544807161
842458534
1359825665
1473911352
4118193463
2398491773
1567328543
1343667487
2191616461
1141421634
761032369
3001100053
1044362603
165661478
2465986893
2614656632
496424733
3654218128
1432703557
3997271156
2952278921
2684893791
721687177
3202271314
3323122879
2664750449
2010271798
1975513094
244456138
131270917
4191870194
2736169954
3561474956
1378714630
2160146867
1439578776
1142093888
4002611945
3273260188
431253781
1067866779
708919436
3008016097
529135526
962491428
1996255787
3346473540
2189543735
2932452561
3395997732
2798547840
4282730180
3470064314
2293524133
2688663735
1862124130
3963901544
1985556047
4258668336
3673954815
3843629405
1582778995
3663517512
1636904539
3820829224
2169585258
731919966
1029547617
1966009528
198049179
2359851897
3710141819
3956611955
2050600569
3211763895
4286003003
620180283
1743570413
2413442815
3310988291
3802116288
2329115825
1684045856
364891138
3288986761
4164595040
133571269
3643301004
444516960
1024654191
1703728627
127786577
1033592328
729260824
962910238
3387959506
2069554519
741174090
1417896768
541857597
2346686582
3790716568
1061498867
114174380
3956796213
1488728499
833392151
1563553174
2779280727
3752003466
1617650750
255003380