3933994
1061884095
466620054
4023677145
3555875778
2434577021
3395461280
2655372112
3325250902
4049408970
2530736491
2296886646
640941547
2210943619
567390045
900065271
3654218128
688889205
3210220676
881878690
4030025215
1703728627
4271176735
2977269478
3915806518
2518563805
3088357790
2847988104
3548416904
3744154572
3644461594
133623621
551548299
2082713973
2987306053
529135526
4258668336
3079203099
2572764512
3281054912
2241406788
1829078626
3473766381
3089815164
677638683
3051083395
908595532
1625147302
3997619482
1565054213
1008470892
1311857232
3941560521
483758755
2342846271
3285715851
3898977357
2721690826
3675381745
2135515693
2582857000
1600252537
4262301545
3865051024
576432556
3519092224
29217688
2867455027
4042533818
2160686974
2372243544
839854552
600001087
2445644567
2367779325
71074452
678241852
3864941797
1636904539
88282046
656220122
2737702865
995585641
3124416164
198049179
4080151066
1417896768
4228904097
2321009644
1418618102
4278238494
3978093110
1245388964
110840806
2769752133
620180283
2528545391
218426371
4281169408
4276060398
1334679970
110968609
1549056702
1985556047
3371859188
3402265822
3239045644
2098964869
2185450534
1341480273
3853570187
714801553
3514181258
3983725539
45688260
1044362603
1520644455
2945471138
1203612610
3254196331
2124013626
880544301
1073052716
2614656632
2067017764
3346473540
603689043
2726661436
4172604282
3240019784
2154601142
2798547840
612043619
3977236318
4110337227
2645223606
965984296
1081872994
2910230654
684223895
142069957
634559183
2166992143
77889684
250157155
496402516
244456138
4050446203
1617650750
3782006529
4066339717
2093414819
2654082429
3367904032
2304021224
3235944239
2968466895
2052521964
3823549884
9270944
2309427230
1828364700
3643301004
626075213
2205737010
2394654674
771477272
1491724237
1976142534
4056965726
462573354
4104274225
1062895685
1851342935
2413442815
1271565582
674683574
3190132456
2172102807
3712173813
1327233152
3731698679
4069440084
2191616461
3578429916
2111417397
1751583208
117308061
1801633975
3640362627
2866508438
3658245854
2659127982
363341258
2249628045
1761164821
1673200578
2160146867
3365357252
3814289784
3001100053
437823557
2034046339
2173662386
1190312331
1316055871
2779280727
3107084242
3513401381
1997355029
3242584396
308147112
3622695113
2600035825
3790716568
2681067179
8546228
3793435071
1359825665
1496606175
2247216750
1229702013
224063228
2879212041
1624286105
2429084933
3131204259
462227268
710836128
1384464171
2853258603
2466770546
3492364818
1809509020
2244807541
3470064314
962910238
4178347274
2296220258
88138733
3262934818
687343338
1803138100
60341658
3741946315
2265636520
1109400995
1336719941
2729904734
848889626
895006728
3217583805
1777452503
1420582301
2050600569
1038495502
2179232859
1651721015
2876373457
2485274722
2334472069
242347055
260901612
1844503623
3601860624
3137741670
3848868048
2096265248
1029547617
3943329861
3864642600
145904277
3827567687
1101419059
2397451537
380063297
1874582543
3973578093
3699020604
2722039565
1015948497
1720711017
3795583753
3846164896
2050244961
235929711
3834908386
254689769
854690731
2220261333
1237389257
1595787223
4118193463
1504946181
4245602968
3505588345
3029751311
379900661
1455319941
4056867541
2468575766
1889279281
3123673507
2360276945
3313143290
114174380
2839203677
3264205943
4190903343
3153355654
3593596871
3590526209
1419365776
1515867639
1498524216
347140126
1408220793
660663669
52998765
797741915
3098986489
1743570413
257974435
2207741345
515674005
2307623047
3809786562
1033592328
754254606
2181727207
4129375189
875169235
4059327561
1909832627
842458534
3173222557
3072139780
3288986761
840632717
1246011686
4242347342
1325082002
761032369
2855440164
4157438739
1787293998
2124331050
3765956723
42391007
1483508004
3110732428
742862380
1788804239
266773025
1786538084
2882009100
3341258969
3048759171
881156929
1674930214
2655440139
2751811879
3127789719
2908108861
4186570307
2395183021
1672799335
3413377636
4061303080
3754496430
4236158
1991584288
1274987662
369564857
2840049398
2625805989
2614440410
2688663735
1962358709
3482411285
3528700202
2047489247
4261381787
2317898987
1874827320
4000298987
3118540445
2857172069
3428201005
2637405321
2912916464
1568370312
1315827207
4165395365
337707168
3284057061
235464121
4113111610
1378714630
3109515711
3989973767
2840182515
1511137733
2893459906
1140507557
2036475219
506187764
853876661
2092994027
1488728499
813971278
4088818612
1702188582
470736720
1017210742
3605918293
931225638
2169585258
1117125609
120770426
1941343940
3515585680
3771608238
3159094381
2162898383
1530182226
3324545732
2162940655
478676196
727018823
2554840464
1824016712
4191870194
220671025
648323857
2892684200
2783401922
1624690311
364891138
550934919
3514211535
3500854400
3813167970
2640130073
3254271612
3312607745
4027867161
751508798
3483090221
3229898121
3323547812
299966064
3121312104
1747669558
103127528
2914106227
3278558685
4083069333
1543943668
2655554047
2908517486
4148750582
4110508237
2086528829
163591858
1054180438
2210284419
1747387758
3109081567
3674182089
3914312217
1388339816
1511830300
3807168537
1134537307
2052958499
572804971
150954590
4048041249
2469863385
1982146845
3438046910
4066786403
494926273
127713934
197278497
2366255121
2557367171
1449996390
261431194
2336419810
565569159
3650033828
2140501484
4164700206
1345538087
2349588046
1800577087
555367849
3914666511