4190903343
3870881228
572804971
2124013626
1203612610
2181727207
3973578093
2179232859
4049408970
266773025
2485274722
308147112
1061884095
3438046910
840582551
1641399853
3072139780
3278558685
3593596871
1073052716
2798547840
3325250902
1751583208
3775549669
2349588046
2367779325
2892684200
3254196331
1624286105
674683574
687343338
2614440410
2466770546
1054180438
962910238
2984569179
257974435
529135526
4236158
612043619
3285715851
881878690
3555875778
347140126
1044362603
1844503623
2185450534
4262301545
1038495502
1140507557
250157155
2098964869
771477272
3264205943
1345538087
3123673507
1327233152
854690731
2309427230
2342846271
3367904032
3341258969
2840182515
88282046
3107084242
4130723549
751508798
4080151066
600001087
3121312104
103127528
1190312331
3029751311
3482411285
145904277
1245388964
2052958499
2173662386
3933994
1672799335
2910154922
2445644567
2637405321
551548299
1015948497
1982146845
244456138
555367849
2908517486
1193303593
1800577087
3731698679
1341480273
3590526209
1109400995
3528700202
2429084933
2910230654
1488728499
8546228
2241406788
4118193463
437823557
3864642600
496402516
4242347342
71074452
1418618102
497500595
3323547812
3827567687
900065271
1874582543
2067017764
4278238494
1511137733
2265636520
1747669558
254689769
3601860624
2655372112
4110508237
1568370312
3114544002
2655440139
1417896768
220671025
1780657012
1008470892
1962358709
3473766381
4088818612
3395461280
3519092224
3790716568
3997619482
3754496430
1033592328
1387701297
3650033828
1600252537
4042533818
9270944
714801553
110968609
2249628045
2582857000
2557367171
2160686974
3079203099
380063297
3139697990
3239045644
4165395365
3865051024
2640130073
2394654674
2321009644
842458534
1997355029
2210284419
1455319941
3864941797
1316055871
2244807541
2751811879
2879212041
3684147650
3365357252
2360276945
2160146867
163591858
3807168537
2434577021
462227268
1777452503
1941343940
1702188582
2681067179
1530182226
1511830300
4191870194
3708255343
813971278
4164700206
1824016712
3548416904
3281054912
3110732428
611487489
3288986761
1491724237
235464121
1315827207
2092994027
565569159
4104274225
4110337227
2469863385
761032369
2036475219
4015512095
3131204259
3941560521
197278497
3210220676
3741946315
4271176735
3632841992
462573354
3643301004
133623621
1334679970
3313143290
3654218128
1787293998
1017210742
1747387758
3846164896
3413377636
688889205
576432556
2654082429
3213975869
1502803954
2737702865
3229898121
3371859188
3089815164
3989973767
3428201005
3814289784
4023677145
1809509020
77889684
3346473540
1483508004
875169235
3324545732
3640362627
2987306053
3240019784
1786538084
2395183021
2721690826
3492364818
1359825665
2124331050
3118540445
2769752133
3915806518
3644461594
3813167970
2220261333
2528545391
3048759171
3823549884
1543943668
42391007
337707168
4000298987
3312607745
2968466895
3848868048
634559183
2614656632
1394429330
742862380
4027867161
908595532
3699020604
3284057061
2779280727
4281169408
1874827320
2572764512
4066339717
3124416164
3051083395
3744154572
648323857
4051595651
2908108861
1788804239
1851342935
1504946181
840632717
2729904734
2413442815
727018823
3834908386
127713934
3983725539
1625147302
2162940655
2317898987
754254606
684223895
3977236318
1828364700
1325082002
1117125609
3513401381
2625805989
515674005
2172102807
4061303080
2296220258
1673200578
620180283
2554840464
364891138
2840049398
965984296
2876373457
3658245854
3674182089
1636904539
1237389257
1889279281
1336719941
1801633975
2034046339
260901612
4050446203
3782006529
678241852
2210943619
4228904097
1565054213
3675381745
603689043
2154601142
2135515693
1246011686
3483090221
848889626
74457818
3853570187
3914666511
4276060398
3629618745
2855440164
478676196
114174380
4129375189
1420582301
1388339816
4030025215
2518563805
3605918293
3127789719
29217688
379900661
2882009100
895006728
626075213
2086528829
2397451537
4258668336
805882891
1549056702
369564857
3470064314
1909832627
1271565582
2052521964
2140501484
299966064
4148750582
1496606175
2914106227
4214848305
995585641
3098986489
550934919
218426371
656220122
2093414819
60341658
2162898383
2945471138
881156929
2893459906
1408220793
2082713973
466620054
3109515711
3254271612
2136157514
1803138100
142069957
2977269478
88138733
4245602968
3514211535
3215954347
150954590
3795583753
2530736491
3943329861
3153355654
4083069333
2169585258
2205737010
1520644455
1384464171
1274987662
2912916464
3978093110
1134537307
1720711017
235929711
1829078626
483758755
3505588345
1047922162
2659127982
1311857232
3159094381
3765956723
3235944239
2111417397
1229702013
3515585680
2600035825
1378714630
117308061
3914312217
2736169954
567390045
3137741670
2726661436
2857172069
224063228
640941547
1703728627
1419365776
4056965726
1101419059
3900316377
4048041249
120770426
3242584396
2050600569
2839203677
3793435071
853876661
363341258
198049179
1595787223
261431194
3173222557
2722039565
1449996390
2468575766
2867455027
3898977357
2360977008
1976142534
45688260
2366255121
3088357790
4172604282
880544301
4261381787
2047489247
242347055
677638683
1674930214
3712173813
110840806
2096265248
3771608238
3622695113
4186570307
3001100053
1651721015
1029547617
1515867639
660663669
3217583805
2334472069
4069440084
2645223606
2847988104
2655554047
470736720
2296886646
3578429916
1991584288
506187764
2688663735
4059327561
882449039
839854552
2166992143
2307623047
3190132456
1985556047
2191616461
490313293
1761164821
2304021224
1062895685
3514181258
2050244961
4056867541
1743570413
2783401922
710836128
797741915
1498524216
3500854400
3809786562
2336419810
2372243544
867123559
4178347274
3999453735
3109081567
3664450584
1617650750
2247216750
931225638
4157438739
3402265822
2866508438
2207741345
4113111610
3911285753
1081872994
4271876722
358136764
52998765
4066786403
1882223018
494926273
2853258603
3262934818
1624690311
365858395
267523188
2273241874
3456604528
133571269
1011818791
2498756365
2971656142
2564523892
2259727674
2260707200
3235764212
3095472836
3269238440
1721936214
2191234715
1875457798
3302266393
2920874132
115265961
3247238137
1215058764
3370908290
3882347905
4129565210
2949473431
4264217378
4240600422
1605393622
3117562781
2309768097
1279955424
4168174623
729260824
3323122879
2008061389
2957207277
3461184303
4168827572
800345132
1303660512
2867295457
1453724610
2793659371
2621603292
3387959506
2245447141
660793474
233246913
2169590083
1269914102
2950671230
3621050006
2431337515
1406021272
4005065169
3531372214
238204757
2909062773
3528286177
1316716817
2910498568
980704483
647955583
1073548271
2189496553
754685993
2246568585
3908888796
1568766251
1062483663
3772647820
2189543735
1108962932
1119127399
1473911352
1719315401
2627974807
2043910515
3098714219
167175322
2766262453
2109231685
637756224
2398491773
2590925381
2399127354
3081204307
1502603112
241619448
1509418394
12890513
2310436864
2777819467
164729366
818861000
1951259342
3449790119
3880855841
1053419518
1293553133
4046844112
3694308232
2476751577
2804110755
1990643711
3672182281
310102766
934754653
3753807472
4035589946
680641043
2910801490
3948095760
1886820351
1004119411
1886452587
1405999303
1797902730
3776322546
3933833022
44860368
1983836583
470028603
2645345636
2676673212
539398076
1422346759
4201482768
3206834517
3820829224
2823626702
1136871996
2282628032
25537950
3513348689
3855352847
254394913
2038425552
1921494730
3188516657
1651800168
789002103
2636231947
1544807161
706253060
3994898663
1787786909
89590983
463263202
3441652078
2952278921
1547430094
4002611945
3025092178
3284620886
3641789177
1808371264
2306645741
1150203641
4177262444
3617347629
3660318179
2258533487
2543059030
1896859622
492287929
157873563
2612671723
3946013520
2048121458
3441199754
94576356
1595242298
541857597
2971228560
3904640196
3202271314
649604290
692210752
3578489731
3884567803
1936332730
2561164912
3067946868
2350892739
1348459600
1270444666
1280137874
1994019580
1467858661
2239076573
970187083
1159511878
21706632
1398108738
2908751214
867797234
441154896
3935041524
82511015
2987355428
4145378256
3951604088
2889577440
962491428
3571740401
2999912537
208971989
2275911714
2815487759
3398862188
1582778995
874534625
2482053957
1695021988
1021139590
3997271156
3101494045
1086826513
2009860877
123315809
4182015239
2740588002
3791124926
1796656156
1590931857
4090570261
1640603549
948449495
4035634239
1345008722
4427581
2103198518
3669990916
2912812239
31402424
3286359561
1261383513
1908796935
1971359867
65234985
216600437
2478511625
974354801
896483718
70769037
883667415
504611967
2100761273
3519269702
1372855654
3547791511
1945164406
1415796597
3820442545
1026680048
2034507060
78760181
3843629405
1071542845
3422017182
2837788302
2359851897
117540619
393988638
1583939277
2135562985
1181874437
702078794
1982860528
3846537309
792513079
3168486691
3230100445
326539858
296675096
13626023
2813667591
2710587541
444516960
3934316500
194803840
2578924210
3048476433
2563759460
613086761
3340191139
3429556519
489920736
1350180212
1298346771
1735782374
1964758351
1873794196
1516616282
1302285530
1195499369
1816433071
3343812022
127786577
3845610014
2259999441
288934131
3063092389
178804768
2310267066
3804427503
2863546729
576655783
732771928
4109545938
708919436
826067714
351241385
4183286135
393352671
2492374507
264831303
177824712
3549271432
4154973820
2352308515
1231300510
881252567
2572945467
2125415025
509599430
2661120063
187639320
3032338138
3742582984
3569391059
2720941598
3914766442
2608603882
2698816549
1344811900
3509185871
1641084871
605859263
2008060016
653419425
4041480582
3946847043
459816937
165767865
3963901544
515921606
3008016097
165661478
635160853
2462120848
638417110
3713776329
3182942716
3957637720
4098309000
839817552
3253153945
369371938
1040669922
2271552174
1022779388
2538797465
1056669792
1324995328
1302392524
1186846330
2714547150
2622287744
2684893791
216918167
3965180263
1506007191
4155343476
3220564611
1150949796
3516292849
2360839488
2119865833
3905061685
3459588815
2465986893
2551820930
3100837325
424424517
2802465075
2190430434
1783122941
1890372798
1499651014
1214195686
865980434
4178480098
2450462835
1004492754
1241395186
1231969565
1541349955
4129244058
3108910498
3091242297
2893544267
833392151
1439578776
1146752331
367171278
1236682141
1541760105
2817893987
1618052775
1226685545
813188278
170603013
1563553174
1843246544
3316463551
1663142996
2160796587
2664750449
2093078905
701760744
1889600258
2157201838
1577360476
2720933697
2295994857
3511493416
3908240407
2497221684
272821697
1375494172
4274539658
2250410754
648272985
3719791142
3343436071
2170110239
2862557299
2233204308
2582696163
1637005401
310730169
1438539522
3752003466
3910322999
2367706490
2763961678
868955970
2623642341
844801331
3211763895
1567733852
3790565781
2202276078
563158654
1776716876
1334888028
2772883492
527779758
2435798146
168072667
2936851559
699671369
3858710802
3393384340
758559205
1335577411
1215339391
3737001068
890737599
2932452561
3493178790
2767695298
3663517512
3273260188
2082078282
2472548526
4015587779
3453754464
1464423315
1854997174
1903616673
2434252229
894474844
1677305302
227937468
2741266111
2045339195
3445246543
1684045856
3903756696
1008403675
3971749585
491854127
2250595325
3000173819
1460534680
631863471
2412863786
79676153
805376689
2466461578
2910248544
2720646142
1154547172
3125848253
2880110921
2076432272
2338032472
1697268217
2226979991
209573639
1564604415
2735175758
2585844245
894781400
3426801465
915412318
1252744501
1577431057
1387478214
1171586612
3054207275
1164796073
4256749833
2276518629
2349103889
3605016251
2272411092
3913114121
4142850294
1298366390
3720787924
572980502
1390977201
295361139
3042837851
2048040150
2252472780
3643460953
2926164190
1343667487
4092576860
587162431
3850245176
2879652756
56745965
3697881450
3270250789
653578704
2449174900
1432703557
468132450
3114900780
901629462
3097755849
1462330810
721687177
261624760
412942915
2086068019
2972998030
279217095
3184692183
3109837427
1013845315
1394485306
135691711
2638544374
4170777089
3906742740
364573492
524577647
431253781
2550688719
523539363
3764506951
2616671141
4196273708
3707749389
1497972791
182128570
3802116288
3802473088
2653377904
2230822860
4173217190
1394898960
3189603579
1276921924
4005951506
2205286596
2162873050
2490624453
1596283558
1095381750
3019114337
1957525773
281514292
739333206
3012680807
561390663
334620600
2404366781
3471985779
155898608
1476616410
1223453328
3710141819
1907001975
829842456
2411827017
323462238
1941173494
1756617007
1087339261
1930374378
4204281590
1595626238
365083904
1480843459
369824148
3680641801
3395997732
3723462950
3608274301
3874283977
3482496385
3254206238
3670798951
1848734894
2161248459
548638471
1020356018
4286003003
2796604949
4209018668
567556202
755991887
196194718
1058297266
2528872468
2420155454
3792424372
362789207
2770274222
971755825
2069554519
2627981433
3674678175
3841468320
2725785467
318137549
2800183881
1325693791
1108659157
3274341630
1939565201
2330382556
2206673310
3704727979
1862124130
2538434731
1936799291
1913215129
282808971
2538001017
2724415294
3384175666
3094000826
917304244
1526439659
3056361425
824440865
3906896283
1472401406
356287582
2514811889
1002557323
3513859773
1703740326
3736978633
2616360748
2332739803
3408045592
147091873
2858967719
690443377
2543080490
2629997244
1896228889
4037900429
2416129298
4273290649
3290561265
4279513055
385847507
3955675051
2354774337
2693410004
1042069824
1078176518
208738026
3058013995
430028562
3748595034
337534171
1823156679
3310988291
1828298637
3904494963
3006343401
1220825399
615770675
477404242
3634365554
1141421634
2380359997
1832083373
1305834289
3884283812
2690546900
2532315118
2249930255
1676403318
2062534683
3819414242
1391124198
4162375035
4125512472
488813092
3447871198
3730864764
1546294647
3466526405
3823554365
2400356230
255003380
741174090
4045334830
3261283025
2778266107
382391218
1067866779
1848683296
3574802422
2010271798
76976362
1077440991
2787789363
947974791
905771103
3450093282
1919129218
1245248894
2889919449
2456867657
2845708084
1919385069
1571130628
3221611233
3516741673
3956611955
2765080047
870267185
1029487886
3109980738
4093815087
1607083775
2464355947
3843759425
474920747
805675581
3814802164
3117447607
2217785158
622964481
1139703335
3448885044
3173128459
4242111602
2343437166
2109479669
1945784958
270507755
2029604350
1510530800
2845617356
856816939
2231670871
1787785595
2808197669
4282730180
2434978427
1061498867
456402697
2827400152
3561474956
55246266
2916429772
574441688
2521579930
426385339
731919966
1966009528
668424284
3456517864
1550671379
2080679075
3046629943
3113971946
2752683336
3868886298
1084751859
2559300189
960490492
4019958911
3956796213
2700479922
3681518784
3979742509
546263226
1160793130
2876267381
2655294697
1825300536
3738603537
1872524863
2550484654
2935425098
2043551915
2590671436
1493214007
4069395080
905353001
347584026
3569016409
4024656509
1024654191
2224781726
237684399
2228908685
143920326
2202911776
3083597770
1990932538
89138625
1142093888
1790062432
146600847
2572783669
1567328543
3433416133
3636549388
3043318883
3519871700
2824519014
205600280
4258097667
4286469045
862234372
2656568595
1484850554
731736829
494736397
4061046301
3419085163
39860048
134601408
3673954815
3038746324
933045935
3228858188
1368568729
2153765474
3848053444
1578754219
669931384
1690813807
1329447098
453587415
4214073546
496424733
3706500416
2348850853
16682158
3057605117
1426080491
2488537371
261821160
329437179
936319435
1871934021
1884577192
283207275
935638211
2642622189
3101622627
1642519583
1379674979
2173201384
4034866434
224510267
2180869223
1706692340
3368451247
237600186
277503650
1456685163
3038836238
1743829113
2360922153
312476953
1823176405
3326310270
506603564
1571353753
2099167987
1515137765
2991265667
4093413566
1133568910
559815083
616460408
127220171
2821899828
2209928422
2201342864
949943615
3963457229
4198168716
3481055080
112793278
269561677
4164595040
1046832721
3611790174
2668937930
3318167770
4075139048
3149976956
4173100897
1830362894
1975513094
1189670266
4031248062
1558688962
3195783194
3978282250
3563907808
1064901336
3324504969
266020560
3140650324
4006151689
3858761342
239551329
3038995332
2293524133
3599900763
3073088725
244746479
1145493952
1122513833
2363983649
1724943442
2434099279
157984058
2520492219
2142386529
387889102
2329115825
1297744563
3262747200
285693500
2837088266
2076546213
3060454474
2952814630
131270917
1235521733
46366274
3277486481
1222188214
3934629132
1319064116
4139791459
862831523
1741737892
1006422925
736751517
2473674495
3378486321
2075390878
2984131138
305848048
2610427645
552206698
2396206157
1311522204
1697324852
929068890
2613014895
4067204501
407845299
2346686582
3877744786
2422834648
3781423612
2563628518
708442543
3220614002
4232683803
153179524
2009213244
3671894426
1104916896
155630439
3151970339
3981519286
3479194925
1956126151
3954235935
216115643
2944910000
514981033
2050468365
466769547
2523361404
1996255787
1393325641
3597818809
3840188715
418812633
2523217093
2962444545
439336489
2946821800
3832672449
3837824814
1206132639
2893934378
3674977298
1649896188
1520896982
271278254
2125389517
303995842
2250775896
224949872
4203654611
3707592455
804406951
1342880925
3236048615
474364027
933453597
2374980838
3607961957
1530691386
274044787
2029238675
3121257564
3201328356
3942594813
1698217541
828764850
2419922580
1780785692
1854358841
