3251543834
1587120588
919506771
2781126626
3084287555
1942742450
570012503
114277221
2793513565
3395702845
1862689898
690492959
3842503069
1800879706
3089973009
1129107514
1650973356
2228093839
1854052198
3235889231
1316880593
883667577
3016133829
744328915
1762412956
2573867315
2776955881
1332255752
2057260005
201204413
938756707
1306857546
1478940718
4062700224
2940522440
1409355382
437634685
2763352205
3820026021
1863488047
94309140
250225268
2772968153
3944792735
2556089529
2229469936
4034660804
1033921656
1637720959
3788553075
2002038467
1172233499
1174773063
1347300275
745692761
2621507861
1629405338
3221133060
3049257907
4061810866
3503065085
2470206065
4049651537
4290549208
1154103393
2464310914
3287284121
3795631870
952843029
481261122
922637487
3164455858
317243083
3211573215
3899489966
492145862
883274922
3901324535
94044524
925861637
3800458319
1310770330
3582347247
513420447
3349267261
3604751910
2619820905
3235932439
2663071724
1091673397
1552081349
289036197
2295145629
3463544288
1997731218
881044789
3556309039
3575263054
1245300949
1932398407
1257759192
4277947918
3781894751
2930464763
744850620
486765342
2125940928
215966255
2684924046
2419179764
2118605586
118314438
1898019997
3586778806
3958009143
1504138072
1229943303
3309452809
3917548110
1172222008
3045481322
3513097302
880786563
1120219510
1314368479
998839616
685873900
371997415
4289369621
2701385315
2335229664
912279316
3220585847
4116516672
3624057034
533854938
1299261239
3214964462
2438746020
3850977788
331926844
3221575600
4030749980
3514460733
2211482277
1044736906
3790702148
705418929
3421071464
3926350496
3758795601
2558457243
3073691013
370094584
371720789
3164231186
3879038342
2616408098
1262154691
3965562365
2342520726
843792936
3236367869
1478420925
3841957032
2215548339
3874370030
1329224067
1018728333
1782579895
1665222218
2134154732
3022716611
3081252104
1680131159
3982108804
4259218974
199896206
2859911001
2231858114
3578836093
1024875038
539180126
3315422020
3007261501
2437541080
4024505896
3240259168
1847983341
2843258016
2301701527
1635355991
53298621
2542699748
1383216616
3843279037
728016837
3700204463
3117518685
2929298092
2266398258
1851272443
3812715972
4014034012
1423351988
2802180460
1636979393
126317230
827775117
625427055
3206791421
3790235998
1265976143
4186695932
3696850557
3790662406
1332161691
822763053
597160947
3915850964
1124153199
1334762209
4202217279
3518969367
1233690570
1071087135
2123433382
2850988899
3582311328
2502429207
1698525986
643722909
2554839852
2202852623
1967010449
4249802095
3587692509
1284153672
1205210835
2554378959
357795327
3332985874
2975697310
315768231
3559903742
3300282988
40874518
3840577658
3134947968
3193100873
2824755775
2336919798
2157123149
4007582732
3206117232
3469943089
3702125079
2020788728
2052122914
1191110099
698116365
3002002200
1935914348
3642069018
2220686260
1051358336
3435477844
141607220
2726055795
2081588692
2285272379
3428811173
1390853554
3475491151
4166052102
1304863146
1155298688
144478802
893769103
2959028667
2751024190
2495646914
2781304859
198381962
772193047
980361637
1136716665
3946791297
719624000
1902212755
1099146595
4257069540
976351782
1839689359
533938153
728249827
730636870
2077889135
3481764052
1280887092
2528692157
529423593
2877325100
2121385413
582049602
3416987138
644457054
1732858180
2704319206
3770703612
2382850655
1285181372
2100939089
2094762912
4257743466
1950327119
2426121135
308922518
572772339
3839441818
2810075806
2426550615
3150605001
3167732719
83148708
320686088
3811279147
3826671388
2282825948
410315361
1428968075
3529568342
3845611208
745830904
2871285712
2339770247
3185441313
1612414269
2628235512
1839367
158135517
458404351
372917227
1870831123
4281847946
3116808598
2102419048
1846843844
1557605360
1240835983
755721851
1524737325
3175670222
4077450164
1657339486
3223759961
3557689670
347614353
909398347
295414515
2656805559
2210407968
2144104042
2252782341
465766983
1141324228
206398415
4112134315
3856364386
3979630180
1944660340
3398055390
1110953715
3870365336
2547340203
3108785424
248240734
4122049609
4262200352
2413369671
1530727840
2342533172
2830258272
2432530031
1234714106
3582168160
458202783
477930951
2342262389
1451927833
3316941989
282002710
1851951995
2069482653
2531832301
2615928234
1433298033
3820873399
4070766031
2918665970
3536938351
3014113570
1278740693
4006449204
3913202284
2679262345
1247267605
2075332862
3386376291
3099029275
2860264105
183459753
2489131455
2699759863
617527195
176402532
2346339973
1393850408
2637618061
3737811983
344110122
2208586727
3247198535
3041476257
3428986042
1463661264
639903886
939886437
938020720
3057629915
2049374637
393669115
1276701161
3388405039
677876413
3908987312
434134601
3728458996
2176144934
4133871826
3134952791
4286424318
1377501716
4183156669
409595143
662117832
3778041324
3506473011
1545386237
1676978558
3598347326
1371601135
3311454561
1675568968
2378700988
3664700478
321228144
2481088435
314292697
1386561257
4129953556
3724102719
2244957831
3824089553
353384889
3550985541
2857005154
2318513865
2819462161
2386068853
1326723350
2001546352
1753061989
575694890
585274076
2364036839
3345558850
115551210
2686794284
875271909
4027582850
3589116397
4025327693
2352282692
3025478598
1033443691
3895422138
2791834646
6497497
3507335685
3105226691
1888671213
3846278150
119250628
3188307629
2900766436
3609489240
1046145965
481678138
2937136216
3983766398
2845082565
872670415
708347127
1507061206
555692620
2868921224
2177812560
753105766
1119749875
112530158
697984520
2545778218
3427012655
3227617325
3933425821
327025005
2293690677
3483444907
2562780398
1660924760
2077689555
828677634
2326343240
2531980527
2184060085
460300486
946550717
2554374937
2126497767
1004338376
1746716189
1989448579
2493879625
4139507395
2775678566
2035689125
2609842655
2117565049
3747566977
1020837243
1133490297
923735199
2817694334
634875768
2506004669
2819010837
2172146011
4137941335
1555826119
4170304264
3673445392
1499261302
4176653605
3724850113
225312000
2158209134
1141724274
2858881252
373233759
875611505
3257790670
4282294974
2465834060
3047477283
2964307213
2990765116
2100028051
1996456066
285014188
4252231853
1661258492
461035431
3518226056
4118382179
1931255519
399374660
3003989025
1326002339
2706075659
1314640983
497451115
4104882585
3288512673
2850607508
1930511943
382861228
330839076
2190830421
1025670251
3354197873
3170586285
2225742436
897463259
3797317834
192427618
2756628015
758778564
3511591552
2830627979
866509064
1222817908
1756023566
276191138
88821570
105910593
3907159336
1335964426
4129640859
465643644
2985655781
1319957094
1083747270
4267445733
1506179858
751277269
260802853
1791805835
1954829654
662832942
500889263
1730046019
2252910373
3269306020
2294651533
501487630
8425123
1566540910
534382891
541543704
2440450927
4290782618
3399178398
1990722612
294254756
1656369871
3404993847
591476366
782684140
1121000460
2268257791
4156322015
3846673218
2255346277
2017455862
4016022684
3985175716
1628383804
2333882301
2718124938
3953902217
3986932369
2717373603
3478170269
843884116
1272624504
3323167819
246194175
1229954563
3795338128
1287669191
2161250916
3791542571
361606764
722154478
34690601
1751301626
2836988952
56506036
3553835036
2511389061
2051093108
3603139223
2416318988
1878133123
1463860159
3690442830
1198068409
202696147
2707931611
2964775069
3230271787
2814008110
184566119
2812896599
2546232802
1654602
3475200063
4277520858
2673180381
3376189529
1787370684
2465628630
195671450
2459277745
2543610196
3888508554
4010130761
1943739205
537262731
344728121
3214502747
1628620302
4199151544
2971958903
2551518804
3486677497
2990072043
2340811065
4091090324
1491037076
505536766
3155033830
1193058161
3957941700
2922340083
4210587326
192406573
970685592
1173668712
3946133264
1254491242
180215014
292785172
2044753672
2981663746
3740126823
2864446424
1371288996
2908410272
3939030568
4077014503
809819413
3347985440
1121439723
3470598522
607855887
850802743
3394297859
911158019
1257136562
2692912265
3067440512
1201598042
469032281
737556609
3167732626
3314605232
1027969934
2410161379
2304871103
286838639
3525948383
376498326
2300086232
1549833299
4128563824
4195619746
855885875
2559153418
1307866426
2443644581
2172741050
91420766
509644028
1228009379
4287453629
1457340966
1109073928
1586300907
3536483443
3306235635
1691684551
3699569460
4229175622
2943212932
3642988204
2307441142
1824303983
2871320526
2879026847
853175896
79393539
2898251999
2745138621
3219386114
3788087068
2450023116
3642160880
3680362065
1262548736
3047603951
494901425
862566901
2666169927
3007133195
3577412233
606239819
3836210546
3928861178
4069739347
3612204377
3989972071
3077928696
91759971
3079661957
480126781
839798111
2522144040
3777973778
3730223374
1767101918
3593640986
3456525424
3313862278
1702545463
1533816715
3400714348
2921979666
1472677057
2126402245
2316907855
2253844135
1521049889
3465499482
3020994747
3113082707
1766252727
2171576467
1059207177
1614494023
1233238081
1290243985
3021768133
935431853
1654671434
746871849
1147912561
4279944776
3016628729
4248252182
4226953158
1204571260
1027770699
497437673
122665070
1172352576
1164158761
1328787433
2471025322
3221200127
2474492756
3528446321
3829642178
2739925997
3224712275
1663168914
1841433999
1384102873
3052851471
4040057873
3903968598
3722474857
2798123236
2659928088
332101823
1729993749
1202941051
2858592749
1524469649
1630582089
3501058904
2209962565
2176792194
2904349959
423286955
2678636829
4198564309
3666202814
1233154982
553854716
3859299590
4291116622
142181809
2894754569
1922023983
906938951
340473982
3948052877
2265627895
1835680116
1214416119
1305380452
1548004106
3986280734
702092410
283779000
559870502
2334562090
2722927593
1233533026
2355331302
3007247184
2417364122
1280513580
894571758
3584839087
2130095418
4256024834
2646486175
921886983
1423960965
143657171
550116776
1995356495
3695309590
104888253
1660469113
623824585
3674427095
4011598249
3453521687
4267807271
2232653245
1365603332
3582643008
1631908190
3822907286
2372228099
318743539
1683342907
1629139992
1742663927
819397740
1797631468
65451958
144586784
2048512683
353548166
1777416961
1395100498
3034741307
841754434
929789081
1986942309
3623937499
3980372794
2258006023
1730231983
85605674
3300190943
1143710145
1174209637
4027190232
1329049183
3379961127
2853107537
1141152574
3989010129
1517760762
1339244392
1261330985
2277730415
2569495859
4287350982
3315918676
859040942
3478826102
1666507502
3972769765
649197773
2392556958
3937050660
2240210240
1823047921
2764796341
962477993
1808614285
3577002212
1805125193
440148589
876136553
1031531020
3815154727
2454135059
3537077119
2724268784
263783483
2377166262
3403267996
3380289774
1818579216
1161271373
1167508741
3655727818
3802480687
988017600
2333975437
1422910062
3736130101
2450455645
2614926543
3099070061
1733491611
3347917978
4164352347
1497981267
2383216169
2806877145
3793887369
3337238776
2713005191
1571461160
3734564426
1933583777
741953617
1919316911
1111870880
2186170716
440207297
815228350
397854713
2870134573
1083157226
910467113
346893725
3400186230
796649183
4166524002
3948569763
802649919
2176556301
1437583955
2327197643
1822556787
68949934
376029788
1917638889
2606145272
3224076274
2250227426
2572495238
1662639127
720867939
2098234996
1180949752
3967352293
2413396664
2075847933
2558969357
1379267561
4105944044
1134636152
1289755889
1834495447
338021241
1469309586
372232960
910723676
620154365
511265664
2337970406
2444379474
2396086844
4094154636
3915488684
1010863658
3449089959
2606419612
2837956966
2012689259
1580392742
2313963511
3866082177
2112023518
2014287923
543346683
3411238897
1966867790
4000416986
773139393
1402215079
2211204899
2432755770
4109154144
2981840594
3247503805
1867488508
2682603104
3625135670
3449853974
3498798008
44829844
157289908
2351962026
32336496
1169160985
3130682808
1245183937
3730388860
12609299
3027658049
2578306661
2638270885
3730737046
2450910802
2936226278
2903307589
4223846229
4169561241
736486214
1358009733
1528786482
4275756592
2754493956
2868010360
2819549269
943699810
2118019585
1442620334
46816845
2420582727
1018628520
4239697039
3645060944
2649447787
3384274947
3096260144
2028881097
2776416003
415187550
1226670266
3076280143
664633106
3103304835
682302196
399613624
2423127797
1814878395
1841435306
3742750485
2491050062
3733822507
170906029
3782007594
4157769720
2043943512
3169372426
3496847662
2169143200
1370197840
2005839893
2240795907
437857614
317363711
2220839812
3346888700
3235985882
4144748958
2558082017
3792319378
2555989219
1310968962
1845611713
3668705767
2284529596
96137313
1490386047
4026207523
791315636
3022441113
1785684026
699945542
3567179271
3903237287
904537324
2897837119
3873117940
4076312364
3947899874
170810541
2791003407
2101712011
1409058202
3198106256
3666556041
645959521
3728705723
3303980843
606701568
1293764072
1489603264
1823698106
860150761
3505287210
1757502444
999169305
3619837163
236509928
4087262180
3676751947
1511365140
1386202159
328300271
1172309675
2261826682
587751661
2304190415
98633292
2483466424
723235245
482226887
707320885
4208525402
4175467429
3228863259
2347667590
3435705469
4092693364
1200253886
3478298093
2861538611
1844255475
41241857
648660386
2847467527
1556554467
1717828948
401048289
3581554279
819460458
2672172928
810595485
1695506450
2055994216
2460777077
729936676
4061741157
406328206
1853179405
3639479924
1862253508
2211253033
304689561
3529090980
3225919287
1899759022
1675274248
587325742
572820149
1564034853
713909630
4282027455
1045111029
780039482
966445339
2005142959
3912510390
1076573927
3416904368
3626078668
2733843605
2815953516
1116917144
1715468815
2430408557
723209086
2887291408
3247971787
261971822
431881966
3646001448
54931673
820830620
472802864
4094927322
650312155
1959472819
2123764569
3502103598
510378498
968263107
2053971903
2347242236
2539266183
1273236452
2318956243
2305795070
4169153819
4197193141
3075639807
780765273
2801750291
1423549981
2732720424
2744532580
4100215084
2754214143
2669847849
448821380
1150585722
2751710572
437968155
1797434380
3600838377
3979599299
3374318391
1334868515
3271006354
3317109391
3994978059
1093967162
1243244342
1557758106
1982535395
1461536485
3523089766
2936728383
2154682418
772008824
2361204012
2994006371
2634830218
3889544678
1320155301
315119611
1148174198
2412158095
685206384
3517822481
36668121
975931837
1898346736
2345626548
1946631081
3097989985
4092492042
4170627917
3309125094
3144209249
767366045
3955089506
3566179182
2062251026
25731088
2593002464
394592794
2305169447
2071334115
2087289441
62746661
4038240624
1810576403
4021614566
3020099741
1621083621
1445678742
820695076
2065882754
1307247012
4103879222
4103678220
3908022019
3684412600
100812688
3966235111
214883625
3736721094
3825355963
1433828007
33194032
1469332639
3948666614
203758924
1444909314
1407501447
3941081608
3110938779
4138379861
3836915171
3515410425
3687757007
2273799093
740935211
722505967
1489181182
2597285799
2073254553
2151589485
539850545
3347455643
999012097
296961049
1758009030
3918870364
2523148702
1083909344
611206312
4252929484
130133923
1487168571
2029832429
3731751738
904732382
3838279011
78932326
1601960642
3165979731
1896368658
973720507
1588546145
1191236256
174499364
2909830743
1352012924
120361024
1323926618
1935405119
2587850781
2609785848
3940768753
1528883765
1809912399
630931532
837774898
1532390567
2103225803
1410344894
4257889928
3340204945
2295149134
4268998242
1024611574
2793526705
3726631057
1444632645
3380914029
2267019549
3580119905
1360393514
4173792833
4214133106
3773533917
79825236
2413707916
3726316352
3325286095
1598182269
3103582137
846357326
598489709
2918552345
283205029
3738952189
3216460850
536956197
3846561664
3095047466
2097241825
3063112690
2671505242
1740337350
1470537475
2412197658
3959276473
1283911747
713935823
3256350734
448572123
1611038788
1135812947
760944505
845958357
3308694631
657936178
1142457029
4005902135
83900292
1751601354
1426213299
608313789
3958719933
618103861
1366872536
2061790183
3033124548
3846152226
2014508138
1024368161
1759837593
2534766861
4204960676
3530226549
2319819854
954584891
1894230356
3762457144
4019852913
638204625
1666542632
508223667
1117250886
493773847
3525325149
2019045554
4252686374
2829736547
868667940
3546342131
1336337342
3242543802
1557976387
281499385
888570664
1871498696
1291152008
3401144413
1211361134
787186488
819170393
2150039436
369622701
1632892771
214838514
477921060
3913568223
4272964558
3131164702
170621648
4181694299
3870361112
2331930034
3285608370
3438125105
3678584447
96567185
256235937
1092463466
2744157409
3614962992
1919187915
3640409917
651996815
2566036911
2959879872
2372038259
2490022123
3055870996
1155862894
2881774471
3892583620
1588395533
647593068
860758018
1626654517
2662474994
723526791
3567730315
3444166928
1432307615
179978670
223045055
878200894
225879095
3771833509
2131945266
962211325
3632951091
27541332
1877135350
3895335714
2415899879
2971713422
845074673
1410239930
1041236971
3246650049
733965959
2842765077
870604872
4018203361
3196184898
2645303934
901647033
189017905
3410408267
2903329271
1576936396
1677874057
2419255706
2231051064
3793055975
838950007
651130946
3947840400
3118338137
1377334792
2028248267
3544392595
3480189314
3617933904
748253257
1210460851
4136586035
3330528347
3073677490
3221443381
327340284
4124537580
4211668890
3826448929
3509431280
2527410052
2610676530
848557654
1473568614
900469347
4237578364
4164002204
4285813279
1767461171
2408803982
3963821161
4193486563
3388945369
1055129399
742947427
1582383835
4203438989
4023649945
2513783394
3052883738
1675022011
3884385454
2532608895
3870333622
2544722792
2034992170
69994452
2979554679
2698168205
861968576
636602531
3603098634
1013611648
3602346013
927952674
2187359862
2441787039
2886911673
864344715
2302061711
1205488691
2374910379
506167049
3153306579
993464691
334370732
2852994412
2308660313
1676871334
4228485817
2149374672
2972828962
2734919759
4256344461
35293003
814888855
4274921441
355321072
3500433994
1785855199
1267922717
1795717904
1613278139
2258997547
3505315348
3732101414
3514890215
4031665179
3284366137
1811104981
2211818614
4141170622
2686733372
3492425762
3287540876
364167185
1676531611
1367240064
1045915070
668634727
4176096853
3191215424
3613864765
1110799786
2377143476
3036538175
2003883875
4022353654
3503054955
3957126154
3599679446
2071976743
2472193371
2688691838
102441437
508123443
3046068877
2037342145
3983218994
2846019310
775891594
1190611506
155345675
1167910513
1076604833
2528761127
1601488016
466594146
2142563504
3825700847
443263161
787530567
2711599513
2759406138
3450458964
3369018251
3209520433
3553160341
1388674859
2195541949
2429730080
299982604
3347564585
1412413054
2185297289
2099491215
2952662124
1603302513
3193241958
1294921414
1896013659
3672138486
679546770
1486228410
3293503977
3019148571
1283191195
3693787019
3698796222
787416707
3431905542
2258426053
1400281451
1576160906
386495136
3718305008
1418336879
2907719070
1317762500
4039652272
3777044072
2826679235
700965749
3441026945
1366751776
2503715587
2457239836
2794252763
198159064
3740230952
4085397796
1188537445
672834321
1279142340
707574553
2724260007
2065793937
1776445164
576376601
3987271324
1892937932
633852129
2435340134
502723164
3610727497
539215762
3451542174
2524466885
4131650146
2856326436
1180336879
2234910078
242769878
3745931527
3739128114
1342921858
652240014
3867206007
3455960656
2971813905
3022337284
4136165856
3638256065
879006919
2390960883
3838647733
3646977903
4205620139
4236348374
602635615
747518806
3036021819
3628121737
2720183304
3125981155
3861025419
1869408367
622849607
2764701643
1890957158
3807372389
1757918154
1452252046
2363032943
2418651067
2484015581
2291716181
1599799675
743257292
1345156757
2212589900
4166727229
3797800895
896430666
173636384
605603510
2669066449
3144180942
1478348976
2243459887
68641681
2082099737
3121596149
2011355405
1265676911
3708096234
3946290309
2623307870
1442505104
3898899032
3761588592
1453823031
3347348521
2902969690
2015886976
779534849
3510416132
1041301114
3056524503
1347371274
2634050500
1646421520
3213925210
2438422974
1440945952
3910317609
1187287315
3682280925
426984062
1550637214
1077723521
456142247
645550267
672814156
124411335
3128136581
340434153
3153416357
3005637564
3112940890
2482536098
874896277
1209179036
1011046002
1715609430
1956700439
2242030739
17358205
2488958513
3133146495
811244248
88767679
143063315
2156865238
3413842727
1836601039
2826393887
4129416065
3927197954
2431064360
2528263089
1735952782
2826078178
1433321330
194861117
865783053
3708373984
136112006
2487435912
341380744
1567981199
2459761009
81437975
1230164657
727408407
2427963128
1051439646
3457655914
947423682
1691119817
641068259
1092037929
2278668223
2250714319
195641777
4123594127
3230705096
2868762738
1309127040
881077458
2050523489
313915078
3820894111
394448243
4024210305
194808082
4208250359
1208835526
961073083
1972722663
933376767
2966637961
2243904453
3688165720
1236960006
276708939
3367445825
1268262807
3333838023
3774381534
3777765244
3788177822
4101510130
2702513157
2922718905
1086396392
2466853560
1890689659
1673821753
2274539774
1339791687
3956243449
2629081041
2036092615
2604954772
4207693221
1485186864
2375312235
2571153251
3851487707
2416564585
2739541821
773797176
2919955233
3416962879
2166288610
486975507
4196814122
1693566301
1321076732
792532728
2597152052
3126959915
441774780
315092325
4110580278
4236093870
584435074
42133928
603624956
2123041977
2535278315
2394115267
626710490
3953365798
2759465759
332384259
1743257640
2059609425
4206702322
3959542421
2426576004
2073260352
4188208208
2423567489
2069383054
1121036459
3237173609
2217673460
320737359
3564680282
1140224426
570019325
1006866213
1004535064
3134894138
3852042597
1718919446
3479268518
538866683
1730040898
2579390481
2314838025
3544574854
3744847150
3234810624
1850734472
3357975650
1100434295
2627137667
4142540372
3371310233
1718358677
27088920
125356101
2787737518
386024072
4132882954
979234439
769620092
3619212581
4143759292
2999130409
3196653362
3506183573
177210524
2432626958
2805287406
413485166
3148116515
231249474
2524691939
1665125795
3544760499
2502225737
620728764
498639402
527844487
2287343032
3271168488
3606722696
1402993047
762563971
27007454
2218479050
1772610426
3016372119
1174115920
3772775599
90363236
3172313834
2346036195
3077005034
1192961732
2144349312
1003795773
608078674
1431154811
344566197
2693977789
1749571044
371670878
2460861578
4006064771
1446462052
4116309550
4012435248
1851144469
3453665374
2883402924
2383918566
2620534510
1942118791
1484675466
3430946529
639286657
2408641452
421822486
2273836795
3439657821
4192666651
3616947598
3704312028
882864719
2251068936
287230007
2782600374
348455332
4119912458
2188247548
3881839962
273334343
240391971
1351177098
43885607
541009521
2715946375
1136174925
678890420
2835735363
396381376
982393000
1467852709
71161031
4269894513
243341562
1070572035
623491380
48838291
3818732884
900307391
74182332
250695237
1616272425
3134166226
3570674655
3280049135
1418946138
2819406586
4065810804
3829698312
244377088
2517707134
1629641184
2078668218
3132729195
1657661634
3561367362
3066818524
1916499009
1024927223
381706942
176988433
2722200333
3065705914
3864198182
3599276406
1613954128
1228120170
3054442592
2857578735
4255862934
2644285711
955540913
3349709886
968060115
4096622736
3599378875
2043861710
1963589835
818801002
2256298911
3666712083
2907724006
3200229126
2949201038
124636709
3089992785
1603154763
1582407599
2147602967
2404577033
3612706469
707126146
1549302788
3158539970
2751395222
1178028642
1710506686
1129935149
2264408414
1579203763
2197279619
6332193
3071526734
146051145
888661329
1888530107
2807485497
3966769495
3916435635
1740314123
3999362270
4081199915
557514587
958930189
3106423996
2247472518
1216817422
863881302
1785992903
2088473585
3234366111
1074994825
2123595516
820026007
2604779558
286807391
4250904834
1535992722
3777362202
1348585913
854612513
4198851809
1923234921
4099992661
1243701590
3963583736
400622923
3537274822
4038137226
4029636218
3879279868
2194303530
246260066
1756569221
2236484502
3458617121
1302571801
2479815497
1701496714
893585748
165285163
1664204971
3715905350
1865153025
185306892
